1 247 582
2 198 551
3 132 503
4 381 628
5 300 505
6 315 484
7 348 392
8 312 410
9 303 381
10 277 413
11 233 402
12 447 362
13 400 290
14 412 271
15 456 257
16 428 246
17 442 229
18 401 207
19 395 178
20 411 186
21 436 136
22 446 115
#23
24 457 93
25 435 84
26 470 99
27 481 104
28 512 113
29 547 129
30 591 146
31 609 151
32 619 155
33 633 159
34 628 169
35 647 175
36 659 181
37 599 205
38 617 248
39 625 250
40 620 261
41 605 308
42 510 275
43 607 349
44 547 346
45 584 359
46 534 388
47 597 386
48 598 406
49 613 423
50 693 348
51 713 442
52 743 428
53 735 456
54 741 485
55 781 346
56 810 348
57 827 347
58 783 314
59 784 289
60 787 290
61 814 288
62 815 252
63 815 235
64 814 227
65 800 229
66 744 228
67 743 204
68 809 388
69 810 408
70 805 423
71 814 416
72 827 414
73 836 416
74 838 448
75 811 485
76 834 482
77 847 482
78 854 501
79 904 492
80 909 510
81 912 533
82 949 529
83 930 550
84 915 552
85 966 529
86 977 567
87 987 615
88 965 514
89 875 235
90 876 222
91 875 262
92 877 284
93 894 351
94 938 351
95 904 309
96 1043 357
97 1044 345
98 1102 359
99 1179 316
100 1174 254
101 1112 192
102 1108 246
103 1143 247
104 1109 330
105 1111 281
106 1146 283
170 872 597
#171번 실종
172 873 625
173 862 634
174 836 634
300 265 425
301 289 424
302 306 397
303 296 393
304 279 420
305 621 231
306 630 215
307 952 558
308 951 539
309 300 427
310 555 226
311 497 172
312 1151 334
313 960 309
314 1007 310
315 927 624
316 565 56
317 544 50
318 844 483
319 840 425
A-1-X1 893 324
A-1-X2 940 325
A-1-X3 800 314
R-B1-X1 207 539
R-B1-X2 292 500
R-1-X1 352 580
R-1-X2 306 480
R-2-X1 295 434
R-3-X1 225 409
M-1-X1 385 615
M-1-X2 366 583
M-1-X3 374 550
MH-1-X1 694 327
K-1-X1 290 375
K-1-X2 378 253
K-4-X1 378 207
J-1-X1 424 132
J-2-X1 436 112
J-3-X1 430 93
L-1-X1 445 224
L-4-X1 421 189
L-4-X2 461 161
L-7-X1 465 109
I-1-X1 462 80
I-1-X2 486 91
I-4-X1 510 93
I-5-X1 514 78
I-6-X1 522 62
P-B2-X1 613 142
P-1-X1 549 121
P-1-X2 595 137
P-3-X1 559 69
P-5-X1 530 108
P-6-X1 537 93
P-7-X1 543 77
H-1-X1 530 166
H-3-X1 544 177
G-1-X1 513 266
G-2-X1 537 221
G-2-X2 549 252
G-4-X1 525 180
G-4-X2 547 187
G-6-X1 536 194
Q-B1-X1 638 264
Q-1-X1 575 232
Q-1-X2 594 237
Q-1-X3 629 240
Q-1-E1 635 247
Q-1-E2 590 215
Q-2-E2 590 215
Q-3-E2 590 215
Q-4-E2 590 215
Q-3-X1 610 209
Q-3-X2 654 224
Q-3-X3 644 219
Q-3-X4 625 212
Q-4-X1 624 179
Q-4-X2 656 190
F-2-X1 671 225
F-2-X2 715 250
F-3-X1 717 228
F-4-X1 716 203
E-1-X1 787 277
E-2-X1 729 248
E-2-X2 806 250
U-B2-X1 797 219
U-2-X1 773 203
B-1-X1 824 236
B-1-X2 856 236
B-1-X3 893 315
C-1-X1 1052 344
C-1-X2 1093 345
C-3-X1 886 261
C-3-X2 961 273
C-3-X3 1041 272
C-3-X4 1094 190
C-6-X1 1054 221
D-2-X2 1124 230
D-1-X2 1124 230
D-2-X1 1126 306
D-1-X1 1165 306
Z1-1-X1 609 408
Z1-1-X2 743 417
Z1-1-X3 796 407
Z1-2-X1 609 389
Z1-2-X2 796 390
Z2-1-X1 898 454
Z2-2-X1 850 427
Z2-2-X2 1025 397
Z2-3-X1 875 488
Z2-4-X1 848 446
Z2-5-X1 894 419
Z3-1-X1 896 514
Z3-1-X2 879 619
Z3-3-X1 876 505
S-1-X1 749 457
S-2-X1 812 436
T-1-X1 835 617
T-1-X2 865 599
T-3-X1 813 499
T-5-X1 835 497
X-B1-X1 953 574
X-B1-E1 938 590
X-1-X1 933 577
X-1-E1 938 590
X-1-X2 980 508
#신긱-B1-X1 952 573
#신긱-B1-X2 987 529
#신긱-B1-X3 1033 523
#신긱-1-X2 984 508
OUT1-1-X1 240 580
OUT2-1-X1 526 42
OUT3-1-X1 1187 266